<?xml version="1.0"?>
<opencv_storage>
<calibration_time>"02/02/17 15:13:31"</calibration_time>
<nrOfFrames>9</nrOfFrames>
<image_width>512</image_width>
<image_height>512</image_height>
<board_width>9</board_width>
<board_height>7</board_height>
<square_size>2.5000000000000000e+000</square_size>
<FixAspectRatio>1.</FixAspectRatio>
<flagValue>14</flagValue>
<camera_matrix type_id="opencv-matrix">
  <rows>3</rows>
  <cols>3</cols>
  <dt>d</dt>
  <data>
    1.7637683960606341e+003 0. 2.5550000000000000e+002 0.
    1.7637683960606341e+003 2.5550000000000000e+002 0. 0. 1.</data></camera_matrix>
<distortion_coefficients type_id="opencv-matrix">
  <rows>5</rows>
  <cols>1</cols>
  <dt>d</dt>
  <data>
    -1.6023347773016113e-002 -1.1469891565211844e+001 0. 0.
    2.3421450070710856e+002</data></distortion_coefficients>
<avg_reprojection_error>1.8230269079242750e-001</avg_reprojection_error>
<per_view_reprojection_errors type_id="opencv-matrix">
  <rows>9</rows>
  <cols>1</cols>
  <dt>f</dt>
  <data>
    1.76570207e-001 1.74811423e-001 1.81613609e-001 1.81032553e-001
    1.83121949e-001 1.73223406e-001 1.88382953e-001 1.96267530e-001
    1.84572473e-001</data></per_view_reprojection_errors>
<extrinsic_parameters type_id="opencv-matrix">
  <rows>9</rows>
  <cols>6</cols>
  <dt>d</dt>
  <data>
    -8.6899256651207379e-001 -4.3635304012722337e-002
    -1.0080986393962748e-002 -8.7993558263201823e+000
    -2.4752083890365362e+000 1.6915355246543533e+002
    -8.5449020352406313e-001 -1.8692448304556453e-001
    -3.2178336593153234e-001 -1.2132972159414228e+001
    -1.4315056369490526e+000 1.6777003541205141e+002
    -8.6907188435278337e-001 -1.3868350901168768e-002
    5.1454566155582672e-002 -9.5880166880532958e+000
    -4.9764864788078782e+000 1.7213672394158917e+002
    -8.6783154111487892e-001 7.3776683275118701e-002
    2.4032014044344474e-001 -7.8184497631164582e+000
    -6.6738848353056746e+000 1.7430543781866368e+002
    -9.0868013346660026e-001 -1.0564735965403940e-001
    -1.3144303945992850e-001 -1.1064224263798083e+001
    -2.2878480852834531e+000 1.6690752055100245e+002
    -9.2696556042137102e-001 -1.4482890287387926e-001
    -1.8973058153593894e-001 -1.0314406489937435e+001
    -4.6736449098656561e+000 1.6817070089151076e+002
    8.9743053792498782e-003 1.3918479682326586e+000
    2.7509527400336968e+000 1.1768565166938551e+001
    7.7091023782245554e+000 1.5368266387215542e+002
    -8.7394378371633419e-001 2.7821617992353075e-002
    -5.4283165653264111e-002 -9.9201248245736267e+000
    -4.1236824472278926e+000 1.6838041451593315e+002
    -2.9403954458836817e-001 1.1853978457542926e+000
    2.7356114591215834e+000 5.4337126728491487e+000
    -2.6683110894932066e-001 1.6633739633618021e+002</data></extrinsic_parameters>
<image_points type_id="opencv-matrix">
  <rows>9</rows>
  <cols>63</cols>
  <dt>"2f"</dt>
  <data>
    1.63872986e+002 2.29560501e+002 1.89695816e+002 2.29868851e+002
    2.15717896e+002 2.30362106e+002 2.42003952e+002 2.30458054e+002
    2.67753601e+002 2.30673767e+002 2.93730591e+002 2.30895386e+002
    3.19841156e+002 2.31252487e+002 3.45490967e+002 2.31113419e+002
    3.71615356e+002 2.31700928e+002 1.63436432e+002 2.46471069e+002
    1.89829620e+002 2.46592606e+002 2.15960785e+002 2.46825699e+002
    2.42379074e+002 2.47204285e+002 2.68581573e+002 2.47409882e+002
    2.94856903e+002 2.47653656e+002 3.21068481e+002 2.47760315e+002
    3.47529724e+002 2.48075836e+002 3.73351837e+002 2.48251419e+002
    1.63295837e+002 2.63439117e+002 1.89909531e+002 2.64001953e+002
    2.16399734e+002 2.63892761e+002 2.42996399e+002 2.64429504e+002
    2.69585144e+002 2.64717957e+002 2.96210663e+002 2.64789124e+002
    3.22691406e+002 2.64772858e+002 3.49261963e+002 2.65024628e+002
    3.75451385e+002 2.65436951e+002 1.62714096e+002 2.81115845e+002
    1.89745483e+002 2.81400269e+002 2.16673615e+002 2.81573425e+002
    2.43928558e+002 2.81667999e+002 2.70355896e+002 2.81888275e+002
    2.97324890e+002 2.82293823e+002 3.24181458e+002 2.82275146e+002
    3.50917847e+002 2.82585693e+002 3.77686249e+002 2.82901794e+002
    1.62486115e+002 2.98974701e+002 1.89665665e+002 2.99229584e+002
    2.17213089e+002 2.99360596e+002 2.44126007e+002 2.99786041e+002
    2.71451630e+002 2.99936707e+002 2.98706055e+002 3.00066895e+002
    3.25718811e+002 3.00124695e+002 3.52753052e+002 3.00498779e+002
    3.79805939e+002 3.00578339e+002 1.61883987e+002 3.17318695e+002
    1.89486618e+002 3.17519104e+002 2.16802170e+002 3.17670654e+002
    2.44937393e+002 3.17845520e+002 2.72135620e+002 3.17906555e+002
    2.99646545e+002 3.18442230e+002 3.27386414e+002 3.18646637e+002
    3.54756989e+002 3.18638000e+002 3.82133789e+002 3.19146088e+002
    1.61504944e+002 3.35989319e+002 1.89571030e+002 3.36062378e+002
    2.17354675e+002 3.36490143e+002 2.45282776e+002 3.36766357e+002
    2.73359222e+002 3.36828156e+002 3.00925293e+002 3.36856079e+002
    3.28871796e+002 3.37368561e+002 3.56635071e+002 3.37552734e+002
    3.84142792e+002 3.37790680e+002 1.28103317e+002 2.40356934e+002
    1.53013535e+002 2.35249008e+002 1.77657318e+002 2.30218338e+002
    2.02406479e+002 2.24867493e+002 2.26770950e+002 2.19702408e+002
    2.50804672e+002 2.14667999e+002 2.75142975e+002 2.09641418e+002
    2.98521667e+002 2.04406143e+002 3.22511444e+002 1.99707138e+002
    1.35955566e+002 2.56615601e+002 1.61294739e+002 2.51245392e+002
    1.86119003e+002 2.45954742e+002 2.10940720e+002 2.40583160e+002
    2.35530228e+002 2.35431915e+002 2.59965729e+002 2.30160385e+002
    2.84216614e+002 2.24900955e+002 3.08378113e+002 2.19807861e+002
    3.31841553e+002 2.14761505e+002 1.44297638e+002 2.72909210e+002
    1.69849335e+002 2.67740540e+002 1.94670898e+002 2.61774841e+002
    2.19920197e+002 2.56729034e+002 2.44788651e+002 2.51532486e+002
    2.69474731e+002 2.46118362e+002 2.93733093e+002 2.40524841e+002
    3.18091583e+002 2.35330032e+002 3.41913757e+002 2.30402130e+002
    1.52459595e+002 2.89829956e+002 1.78275513e+002 2.84305786e+002
    2.03596970e+002 2.78689758e+002 2.29198410e+002 2.72940125e+002
    2.53760742e+002 2.67572327e+002 2.78828949e+002 2.62258301e+002
    3.03509918e+002 2.56603455e+002 3.27909729e+002 2.51422104e+002
    3.52104279e+002 2.46223099e+002 1.61000961e+002 3.06884155e+002
    1.87010971e+002 3.01314819e+002 2.12840271e+002 2.95370605e+002
    2.38177948e+002 2.90000641e+002 2.63568420e+002 2.84300720e+002
    2.88571503e+002 2.78569855e+002 3.13443176e+002 2.72965576e+002
    3.37999878e+002 2.67644989e+002 3.62521240e+002 2.62280365e+002
    1.69514725e+002 3.24587555e+002 1.95685333e+002 3.18609100e+002
    2.21496384e+002 3.12830597e+002 2.47681671e+002 3.06975739e+002
    2.72895477e+002 3.01124115e+002 2.98327301e+002 2.95582916e+002
    3.23664795e+002 2.89867035e+002 3.48431458e+002 2.84137939e+002
    3.73108795e+002 2.78833435e+002 1.78419144e+002 3.42427032e+002
    2.04936279e+002 3.36238281e+002 2.31100174e+002 3.30448944e+002
    2.57203918e+002 3.24601654e+002 2.83035461e+002 3.18607300e+002
    3.08399231e+002 3.12619659e+002 3.33856506e+002 3.06970032e+002
    3.58997681e+002 3.01368347e+002 3.83754669e+002 2.95696991e+002
    1.57394897e+002 2.04436630e+002 1.82709976e+002 2.05732147e+002
    2.08296799e+002 2.07276764e+002 2.34053787e+002 2.08383545e+002
    2.59523865e+002 2.09615158e+002 2.85047577e+002 2.10983383e+002
    3.10842834e+002 2.12343735e+002 3.36285309e+002 2.13224991e+002
    3.62201263e+002 2.14976379e+002 1.55187866e+002 2.20711960e+002
    1.81066620e+002 2.21999985e+002 2.06594131e+002 2.23237534e+002
    2.32632767e+002 2.24558823e+002 2.58442566e+002 2.25857178e+002
    2.84382904e+002 2.27321243e+002 3.10386414e+002 2.28488388e+002
    3.36381500e+002 2.29783951e+002 3.62026550e+002 2.30952286e+002
    1.53228210e+002 2.37071960e+002 1.79357071e+002 2.38678680e+002
    2.05241135e+002 2.39631027e+002 2.31453522e+002 2.41287094e+002
    2.57568298e+002 2.42671600e+002 2.83738190e+002 2.43865601e+002
